-8945.517435032198
-7719.319388238237
-6199.556823018347
-5675.742822835344
-2812.915234216298
-899.4820256394443
-13.757620484066008
-5.80960990310601
-124.81063967606516
-131.21624677586482
-240.1778200532858
-252.7672904316583
-132.29180006505806
-366.21352795295127
-1482.5363517123913
-182.61285572531935
-210.87315751598493
-199.52723526592402
-263.7069613810124
-171.02493857678823
-156.95142639679042
-257.3812700835898
-24.238643223435027
-132.29991540948615
-168.52127730353794
-195.84541223330572
-201.84003875310518
-203.24558595955787
-140.4791866523595
-134.8178863979766
-251.78637380963028
-236.1241855542403
-129.38425771876794
-132.22280754440277
-120.08074068125208
-126.62859801846344
-127.27485335129654
-223.9088349802646
-131.80553950620245
-141.2734051022801
-252.28219262096115
-254.77259584629118
-265.219072142025
-162.18841304068857
-271.2080130895315
-141.265377972563
-148.91454614656365
-141.91759184780054
-133.2046222029331
-124.50513875959365
-138.94618212863213
-132.73680093353894
-8.84063131428895
-128.63614010508405
-264.20746478113796
-351.44034328256174
-218.41961909959207
-169.9053458144992
-141.2768599358642
-135.79326062342665
-138.93106657651728
-155.67107459194523
-152.11877856235478
-252.13330285311054
-125.59106467863317
-10.772366576853441
-134.94921556481773
-131.13223240064377
-252.66082034704823
-124.11468336144586
-148.40635831094238
-404.1360159130247
-166.84725002617577
-10.341393368645875
-134.02514619181053
-130.59306945138832
-131.20629600633418
-136.14778205251204
-135.93782814565193
-140.6034767977415
-387.7920298643034
-44.068665799131885
-184.79852175347287
-13.897965866948564
-150.61154732479127
-263.02835554910325
-233.04784377375222
-252.63793875728487
-129.02465942690523
-263.0111069836757
-140.35107054910063
-38.456675827042524
-135.8299305135243
-132.2136675304749
-13.01410587851954
-138.70205986975833
-160.28618972029028
-141.23663792986068
-335.6117261429127
-11.343622921935411
-136.75719383554227
-40.2833597418609
-33.34961213004607
-132.6969806334858
-252.06378244637338
-259.27329506863106
-240.8672966861023
-11.912749103057946
-135.83586069327507
-144.55195580238743
-126.2937286970985
-124.99923819213855
-230.40928678778653
-249.56061502456274
-135.2552752203669
-236.60696146577774
-3.615751325726769
-7.168022871290292
-150.14288726565724
-257.68981314035057
-12.580347198390207
-167.9108473391963
-304.0446746453608
-138.3419568529894
-134.37548967878087
-148.46961442301148
-317.2880188281577
-147.9425448799151
-249.29807776772464
-235.75015318908635
-131.096104437667
-23.80556100009208
-132.51698907774477
-221.49751321929259
-120.58534709521302
-129.56093307105107
-136.92207570051048
-253.51851705677086
-150.04281337947376
-134.77390996521353
-256.109870448599
-122.21203764758127
-126.08035819377743
-129.8942529312369
-140.39693844040173
-138.84671556044506
-125.09376575749356
-266.4924063213019
-251.39091365800516
-145.8360083331576
-140.80699036057462
-247.5131659859148
-132.23702823226557
-236.16516486394897
-354.6329449401962
-243.71298661576625
-137.98936986355503
-145.3774113816839
-517.7111407754809
-158.80455981998048
-125.032827238715
-132.86470732149456
-18.402367879473804
-260.09840730397036
-133.01322679035235
-247.74327914246064
-136.3705130749916
-399.5891540040773
-150.61962465822018
-11.293643268280592
-344.36846657734816
-163.92465435645926
-251.2720181301549
-9.750971186276933
-143.10510141581295
-132.03794045493436
-125.9700165676177
-8.081785883456051
-125.81656372326356
-10.047165354359988
-237.90300877885014
-243.4691600741496
-135.75717802697497
-121.87428262982468
-130.3687994225344
-251.1679395324736
-128.75901346749978
-249.54206320293338
-126.69216998953321
-13.79463554005351
-128.37852391433813
-119.0599835147857
-129.43846357541798
-134.1669400078572
-353.93706243645215
-139.66444295889093
-23.142611957142172
-126.37606754969995
-343.0402227743828
-235.2787565575354
